155
Anopheles_gambiae                 0.0000000 1.1378506 1.4158931 1.6381093 1.3542493 1.6013857 2.3092643 1.2965412 1.3780908 1.6982173 1.4311307 1.5237665 1.4463033 1.3871237 1.7842805 1.5497177 1.3933096 1.2488409 1.4723938 1.4574350 1.4902556 1.5313958 1.6297608 1.5956692 1.5951118 1.3975996 1.4653211 1.5943467 1.4697894 1.5259734 1.4424816 1.6526681 1.4798575 1.6054583 1.5628645 1.4183694 1.6580278 1.2823908 1.5670399 1.5247682 1.5065755 1.4776112 1.4419464 1.4771706 1.5094758 1.4331813 1.5265777 1.3865513 1.4123536 1.6222760 2.3522793 1.4141195 1.5697453 1.4289693 1.4227965 1.3930257 1.5457308 1.3145310 1.4711182 1.4896172 1.4472398 1.5451046 1.6177076 1.6501608 1.2143635 1.6844217 1.3384540 1.5683649 1.6372397 1.4899263 1.4583137 1.3690097 1.6841305 1.5952655 1.4662625 1.6087248 1.1969629 1.5556955 1.5888715 1.6116440 1.6494850 1.4314106 1.4394791 1.4482397 1.5426896 1.6580278 1.5278928 1.5577642 1.7446364 1.5198463 1.5771108 1.5568241 1.4838635 1.3336453 1.5129055 1.4142655 1.4840575 1.2559077 2.2387070 1.4631540 1.4013399 1.5190598 1.4202113 1.4856199 1.3882187 1.4970870 1.6589235 1.4202145 1.6000969 1.4795199 1.3340874 1.6587889 1.4637294 1.5129055 1.6525883 1.6304599 1.3188795 1.5306285 1.4126348 1.4599258 1.4229129 1.4612484 1.4350361 1.5929309 1.4478383 1.4694102 1.1260210 1.4452064 2.2380676 1.4816462 1.5185240 1.4207177 1.4196080 1.4672178 1.5435997 1.7107583 1.5554016 1.5077408 1.4238349 1.3844238 1.3745944 1.4251455 1.4294599 1.3985908 1.4331471 1.2775340 1.3639025 1.3975007 1.3856611 1.5176105 1.3813357 1.3948270 1.3768460 1.4081106 1.4164147 
D_acanthoptera                    1.1378506 0.0000000 0.2061679 0.2684438 0.1544349 0.2980961 0.5492231 0.1001287 0.2411580 0.2903996 0.2411160 0.2151791 0.2398003 0.2569527 0.3055983 0.2775979 0.2327266 0.1059195 0.2483572 0.2446799 0.2355160 0.2334647 0.1989157 0.2029296 0.2381679 0.2838331 0.2906462 0.3047193 0.2770895 0.2747026 0.2620377 0.2374213 0.2664152 0.2038130 0.2705869 0.1779224 0.2062126 0.0931278 0.2171041 0.2145203 0.1884161 0.2933534 0.2418513 0.2587270 0.2284029 0.2307688 0.2711934 0.2389966 0.2397874 0.2053097 0.5419145 0.1581853 0.2800122 0.2717593 0.2365522 0.2859942 0.2473901 0.1002697 0.1530165 0.2429109 0.2378947 0.2813051 0.2110648 0.2140228 0.0351391 0.2723577 0.1158631 0.2875076 0.2179505 0.2256892 0.2458155 0.1531856 0.2411352 0.2039851 0.2747196 0.2039557 0.0251581 0.2403181 0.2814575 0.2932282 0.2066259 0.2649853 0.2688807 0.2502779 0.2471548 0.2000710 0.3033993 0.1975727 0.2515953 0.2774921 0.2232313 0.2910255 0.2321123 0.1253866 0.2192128 0.2522433 0.3032135 0.0885017 0.6060120 0.2662030 0.2461225 0.2722120 0.2776949 0.2475160 0.1127521 0.2670582 0.2126375 0.2717593 0.2045886 0.2943773 0.1654964 0.2607185 0.2764790 0.2192128 0.2649618 0.2345139 0.2092496 0.2710992 0.2420335 0.2820520 0.2445765 0.2737081 0.2643015 0.2076231 0.1530202 0.2358116 0.0272978 0.2383461 0.5600893 0.3060526 0.2560934 0.2661665 0.2591170 0.5948295 0.2123157 0.4469571 0.2173439 0.2212964 0.1831711 0.2152053 0.1865700 0.1939649 0.1796481 0.2042508 0.1839825 0.1707400 0.1617067 0.2334831 0.2078697 0.2260625 0.1770381 0.1911364 0.1735851 0.1796588 0.1985661 
D_affinis                         1.4158931 0.2061679 0.0000000 0.2735759 0.2229314 0.2597924 0.5383803 0.2126928 0.1876254 0.1234956 0.1899304 0.0825684 0.1986327 0.2187208 0.1929488 0.2374302 0.2050947 0.2127219 0.1988530 0.1924653 0.2389247 0.2643802 0.2629001 0.2679380 0.2635147 0.2194473 0.3246220 0.2338293 0.2181372 0.2198423 0.2218711 0.2536583 0.2150680 0.2720485 0.1506749 0.2262799 0.2726055 0.2224778 0.2504440 0.2475139 0.2188176 0.3143293 0.1949787 0.2178720 0.2605275 0.1876426 0.2159982 0.1856467 0.1911296 0.2789179 0.3819328 0.2228309 0.2396816 0.2159503 0.2072098 0.2338332 0.1279829 0.2199581 0.2148050 0.1991254 0.1866115 0.2430836 0.2724653 0.2210114 0.2059524 0.2800335 0.2183168 0.3058337 0.2437271 0.2549395 0.2009368 0.2141698 0.1374597 0.2723111 0.2120976 0.2347430 0.2184725 0.2881658 0.2482929 0.2551605 0.2779609 0.2958018 0.2962937 0.1998862 0.1355415 0.2653580 0.2473622 0.2621668 0.2863790 0.2955726 0.2498542 0.2408137 0.1250293 0.2209611 0.2547007 0.1977901 0.2842513 0.2056328 0.5715128 0.2031126 0.1920631 0.2876614 0.2159774 0.2021243 0.2152115 0.2314082 0.2802562 0.2138500 0.2649145 0.3149490 0.1720494 0.1540933 0.2112323 0.2547007 0.2763343 0.2753160 0.1707671 0.2104047 0.1862348 0.2349598 0.1965470 0.3053010 0.2137810 0.2731000 0.2179066 0.1840828 0.2063789 0.1839291 0.5600861 0.2494008 0.2194345 0.2755358 0.2686402 0.6438966 0.2945633 0.4182285 0.3008169 0.2975967 0.2138579 0.2559736 0.2240107 0.2405391 0.2133352 0.2284377 0.2182001 0.2502647 0.2434589 0.2691140 0.2536502 0.2541248 0.2368647 0.2386696 0.2397063 0.2457125 0.2463758 
D_albomicans                      1.6381093 0.2684438 0.2735759 0.0000000 0.2460005 0.3140079 0.4107509 0.2247881 0.2195214 0.3178150 0.2261153 0.2639946 0.2404332 0.2903062 0.2923662 0.2793345 0.2432351 0.2391068 0.2480175 0.2426277 0.2634304 0.1876928 0.2431787 0.2465886 0.1876460 0.2801829 0.3026644 0.3197282 0.3056587 0.2748994 0.2842697 0.1503934 0.2508745 0.2498460 0.2928298 0.1711195 0.2417810 0.2452872 0.1303444 0.1228323 0.1491816 0.2975488 0.2445652 0.2624118 0.0378485 0.2293727 0.2714984 0.2249815 0.2393037 0.2557723 0.6005747 0.2599737 0.2793345 0.3104866 0.2404097 0.3342514 0.3027807 0.2266454 0.2614620 0.2472682 0.2370538 0.2889342 0.2536481 0.1599437 0.2603723 0.0127165 0.2411864 0.2796774 0.1173426 0.0391594 0.2458604 0.2532720 0.2877630 0.2544590 0.3070333 0.1713675 0.2559639 0.1851933 0.2890896 0.3115196 0.2482162 0.2710812 0.2718749 0.2469766 0.3119118 0.2442005 0.2895805 0.2295181 0.2460896 0.2822108 0.1472275 0.2882994 0.3038328 0.2550168 0.0349293 0.2405507 0.2835835 0.2233612 0.5537242 0.2527671 0.2317739 0.2812803 0.3173849 0.2330926 0.1603265 0.2481876 0.2492667 0.3104866 0.2530478 0.2893568 0.0941289 0.2954976 0.2825622 0.0349293 0.0088360 0.0566794 0.2133494 0.2885901 0.2274110 0.3251333 0.2289322 0.2782436 0.2356797 0.2518038 0.2624852 0.2335845 0.2504998 0.2207971 0.4989367 0.3352753 0.2755059 0.2929865 0.2835437 0.6674751 0.2861509 0.4563341 0.2866562 0.2988061 0.2089740 0.2355606 0.2253465 0.2330272 0.2104515 0.2127805 0.2107815 0.2142127 0.2006505 0.2381706 0.2392604 0.2320590 0.2007161 0.2261331 0.2002986 0.2014240 0.2442858 
D_americana                       1.3542493 0.1544349 0.2229314 0.2460005 0.0000000 0.3292497 0.5222572 0.1488311 0.2373235 0.3029685 0.2343563 0.2149265 0.2379523 0.3040283 0.2866082 0.2834530 0.2285400 0.1654933 0.2334658 0.2444971 0.2365858 0.2260655 0.1917792 0.1990691 0.2126279 0.2892893 0.2967113 0.3098129 0.2933353 0.2969136 0.2755705 0.2240623 0.2647286 0.2053060 0.2180020 0.1993975 0.2012656 0.1428456 0.2318431 0.2312828 0.2035776 0.2922116 0.2421525 0.2645882 0.2104956 0.2353657 0.2798535 0.2330230 0.2427216 0.2154334 0.5842806 0.0141145 0.2858852 0.2830937 0.2374848 0.2998728 0.2830087 0.1527589 0.0425420 0.2427316 0.2313196 0.2833503 0.2106811 0.1925784 0.1558445 0.2520160 0.1492169 0.2707769 0.2297980 0.2098670 0.2489457 0.0140547 0.2546731 0.2116225 0.2903528 0.2062693 0.1501686 0.2294432 0.2883757 0.3241516 0.2123050 0.2676115 0.2715928 0.2488789 0.2803087 0.2031209 0.3011366 0.1884341 0.2374922 0.2724789 0.2273148 0.2912576 0.2659648 0.1350225 0.2033751 0.2397945 0.3074945 0.1269210 0.5558978 0.2673345 0.2422605 0.2698195 0.2877994 0.2317437 0.1333652 0.2547363 0.2036927 0.2830937 0.2113261 0.2790815 0.1591736 0.2408871 0.3036593 0.2033751 0.2485922 0.2205092 0.2429481 0.2893836 0.2355551 0.2942288 0.2420840 0.2819343 0.2530316 0.2039029 0.0154329 0.2367097 0.1537848 0.2322108 0.5353242 0.3159970 0.2404508 0.2505499 0.2358764 0.5690481 0.2517356 0.4473727 0.2668702 0.2363516 0.1857825 0.2276218 0.2031812 0.2095201 0.1865094 0.2107105 0.1908744 0.1768796 0.1761020 0.2456367 0.2165783 0.2328782 0.1826069 0.1965278 0.1791643 0.1751732 0.2061564 
D_ananassae                       1.6013857 0.2980961 0.2597924 0.3140079 0.3292497 0.0000000 0.6298796 0.3021973 0.1480515 0.3390461 0.1516187 0.2394882 0.1595756 0.1355490 0.3238466 0.0498324 0.1531874 0.2794123 0.1563827 0.1519264 0.3017372 0.2802673 0.3250532 0.3276421 0.2977212 0.1450958 0.3448382 0.0738112 0.1567084 0.1462237 0.1428686 0.2778567 0.1345479 0.3297613 0.2471643 0.2658279 0.3338911 0.2903395 0.2900587 0.2869172 0.2818196 0.3261448 0.1540707 0.1614284 0.2728253 0.1576962 0.1444377 0.1444761 0.1696233 0.3313691 0.6016138 0.3215620 0.0454509 0.1564778 0.1531874 0.1649237 0.2735218 0.3052754 0.3034666 0.1575386 0.1541719 0.0530989 0.3210222 0.2944703 0.3016507 0.3194288 0.3012449 0.3359966 0.2900944 0.2668752 0.1678296 0.3233561 0.2539135 0.3300960 0.1591724 0.3015227 0.3066238 0.3286127 0.0544111 0.0025623 0.3414587 0.3189796 0.3161569 0.1539522 0.2805159 0.3210216 0.0451285 0.3283037 0.3663835 0.3148837 0.2972433 0.0507143 0.2420990 0.2932800 0.2668323 0.1467440 0.2967675 0.2818136 0.6833675 0.1386314 0.1501861 0.3144563 0.1546666 0.1486633 0.2746509 0.1739859 0.3371738 0.1528358 0.3194122 0.3428839 0.2490807 0.2605637 0.1338583 0.2668323 0.3123937 0.3092658 0.1154756 0.1370187 0.1536773 0.1626669 0.1523324 0.3164167 0.1614462 0.3319462 0.3067751 0.1441038 0.2955505 0.1474836 0.6114658 0.1701605 0.2789540 0.3224386 0.3148630 0.6454476 0.3285969 0.4649174 0.3367478 0.3306335 0.2615625 0.3100372 0.2843438 0.2909170 0.2749090 0.2712252 0.2742223 0.2760087 0.2677244 0.3233622 0.2976999 0.3354959 0.2669525 0.2889734 0.2629317 0.2693352 0.2973346 
D_arawakana                       2.3092643 0.5492231 0.5383803 0.4107509 0.5222572 0.6298796 0.0000000 0.4851852 0.5195827 0.5548649 0.5163851 0.5764951 0.5167896 0.5797301 0.6826467 0.5948994 0.5573776 0.4940803 0.5477376 0.5101664 0.5238902 0.3215350 0.5163673 0.5251238 0.2591271 0.5796910 0.5955823 0.6263655 0.5880584 0.5783193 0.5867454 0.3834282 0.5127717 0.5265011 0.5964363 0.4084443 0.5144984 0.5261633 0.4376404 0.4354703 0.3585961 0.5583674 0.5174206 0.5463614 0.3923042 0.5078436 0.5459719 0.5162135 0.5114672 0.5324284 0.6383320 0.5245347 0.6026967 0.5952312 0.5518502 0.6203592 0.6220653 0.4873594 0.5750430 0.5280332 0.5206076 0.6065021 0.5343726 0.3833846 0.5096016 0.4165101 0.5203420 0.5404404 0.4160305 0.3922356 0.5321283 0.5128938 0.6137469 0.5340816 0.6075671 0.3570823 0.5304757 0.4355591 0.5895500 0.6218714 0.5321667 0.5365702 0.5384142 0.5469987 0.6172267 0.5104836 0.5983856 0.4938607 0.5411754 0.5615089 0.3961231 0.6026282 0.6194829 0.5110421 0.3952103 0.5482073 0.5113498 0.4959739 0.6381893 0.5122884 0.5212525 0.5602291 0.5966681 0.5142692 0.4235879 0.5656591 0.5226851 0.5915336 0.5274698 0.5954866 0.2756733 0.6081543 0.5721682 0.3952103 0.4017964 0.4965431 0.2168871 0.5946124 0.5172304 0.6256161 0.5436126 0.5381130 0.5617844 0.5373640 0.5245306 0.5069421 0.5390626 0.5093913 0.6376196 0.6466267 0.5910301 0.5876606 0.5489195 0.9672575 0.5705210 0.8420061 0.5674758 0.6314468 0.4635751 0.4939927 0.4902289 0.4963677 0.4513449 0.4912425 0.4527557 0.4506081 0.4617161 0.4814939 0.5112280 0.4982464 0.4743573 0.4857440 0.4731483 0.4799331 0.4895350 
D_arizonae                        1.2965412 0.1001287 0.2126928 0.2247881 0.1488311 0.3021973 0.4851852 0.0000000 0.2310284 0.2777765 0.2293266 0.2083781 0.2424085 0.2649038 0.3001983 0.2723519 0.2354578 0.0999021 0.2432850 0.2382090 0.1984650 0.2032796 0.1889566 0.1909487 0.2046351 0.2539192 0.2823924 0.3010554 0.2518086 0.2584467 0.2459884 0.2098749 0.2405022 0.1896281 0.2426576 0.1634529 0.1970325 0.0449555 0.1887016 0.1902527 0.1902829 0.2772579 0.2380289 0.2598096 0.1845219 0.2245761 0.2426717 0.2268183 0.2359129 0.1911241 0.5187951 0.1559163 0.2747485 0.2527322 0.2366485 0.2777395 0.2441287 0.0103372 0.1425777 0.2428823 0.2315334 0.2746473 0.1927225 0.2085221 0.1033982 0.2240538 0.0260434 0.2498615 0.1754472 0.1820760 0.2328864 0.1491661 0.2408999 0.1936982 0.2555667 0.1843260 0.0946559 0.2119331 0.2747957 0.2972878 0.1919848 0.2530407 0.2568930 0.2267289 0.2461631 0.1909487 0.2940060 0.1909704 0.2233558 0.2607921 0.1957430 0.2842908 0.2355776 0.1276314 0.1760590 0.2454623 0.2639070 0.0598405 0.5373419 0.2331901 0.2358486 0.2561788 0.2584060 0.2413880 0.0483467 0.2637628 0.2033891 0.2527322 0.1864390 0.2816550 0.1478088 0.2488055 0.2624352 0.1760590 0.2230217 0.2015743 0.2035885 0.2583305 0.2250828 0.2818423 0.2321942 0.2594361 0.2521691 0.1894708 0.1529668 0.2337118 0.0933067 0.2329675 0.5172590 0.2908930 0.2402172 0.2388077 0.2320426 0.6095338 0.2283388 0.4334942 0.2253014 0.2181638 0.1742413 0.2059367 0.1812122 0.1940749 0.1782413 0.1896959 0.1825761 0.1638144 0.1520883 0.2240476 0.2019207 0.2218782 0.1618100 0.1932086 0.1641249 0.1701209 0.1966479 
D_asahinai                        1.3780908 0.2411580 0.1876254 0.2195214 0.2373235 0.1480515 0.5195827 0.2310284 0.0000000 0.2452789 0.0177986 0.1773647 0.0419842 0.1043440 0.2496260 0.1311011 0.0350906 0.2095213 0.0557320 0.0491150 0.2522953 0.2305547 0.2400916 0.2411854 0.2345706 0.1038314 0.2958033 0.1370032 0.1157715 0.1150480 0.0933188 0.2165676 0.0953397 0.2441847 0.1964469 0.2076994 0.2478277 0.2263073 0.2054193 0.1984161 0.2118521 0.3009684 0.0433886 0.0571401 0.1980986 0.0434754 0.1035515 0.0049945 0.0462470 0.2457149 0.5455733 0.2420888 0.1297272 0.1161185 0.0350906 0.1253144 0.2295413 0.2356784 0.2287462 0.0477896 0.0409459 0.1331971 0.2488442 0.2146666 0.2390885 0.2249980 0.2503991 0.2901969 0.2232832 0.1933246 0.0519819 0.2335826 0.2021129 0.2444038 0.1116015 0.2224777 0.2402834 0.2653343 0.1332633 0.1444761 0.2538665 0.2745418 0.2679148 0.0321193 0.2295413 0.2411854 0.1288816 0.2417331 0.2670668 0.2796951 0.2161534 0.1249591 0.2045804 0.2209828 0.1894263 0.0470072 0.2774136 0.2126754 0.6288157 0.0923934 0.0075281 0.2793399 0.1183753 0.0393700 0.1830029 0.0853011 0.2548150 0.1128476 0.2397713 0.2798324 0.1864650 0.2016356 0.1044226 0.1894263 0.2219027 0.2240764 0.1036711 0.1057258 0.0087952 0.1265153 0.0191398 0.2769228 0.0435987 0.2519742 0.2306224 0.0365979 0.2415153 0.0352307 0.5327781 0.1363548 0.2348096 0.2712789 0.2598073 0.6075425 0.2970399 0.3959525 0.3114713 0.3142654 0.2032385 0.2506753 0.2184590 0.2328986 0.2092035 0.2031023 0.2117775 0.2132389 0.2114710 0.2603993 0.2416271 0.2521277 0.2115368 0.2233757 0.2078852 0.2132587 0.2417477 
D_athabasca                       1.6982173 0.2903996 0.1234956 0.3178150 0.3029685 0.3390461 0.5548649 0.2777765 0.2452789 0.0000000 0.2500620 0.0960904 0.2636289 0.2903843 0.1809816 0.3114276 0.2579313 0.2975832 0.2500723 0.2541880 0.3157140 0.3183006 0.3249944 0.3303983 0.3213926 0.2771282 0.3735633 0.3125673 0.2832200 0.2734117 0.2836223 0.2950038 0.2677324 0.3371965 0.1877342 0.2901140 0.3380773 0.2962760 0.3014376 0.2982280 0.3015019 0.3570744 0.2641004 0.2669502 0.2925436 0.2403590 0.2725806 0.2539670 0.2411982 0.3445962 0.3787507 0.3197642 0.3164455 0.2843466 0.2602075 0.2881891 0.1285827 0.2884637 0.3194026 0.2616625 0.2500292 0.3239161 0.3420805 0.2989707 0.2875288 0.3192181 0.2985554 0.3392175 0.2867690 0.2891033 0.2567170 0.3132183 0.1649382 0.3375377 0.2783647 0.2845174 0.2886957 0.3496786 0.3216754 0.3339084 0.3438183 0.3355965 0.3359009 0.2803050 0.1361962 0.3301878 0.3165302 0.3288715 0.2969496 0.3668368 0.2807949 0.3113216 0.1386409 0.2978579 0.2888276 0.2610643 0.3505417 0.2807483 0.5728741 0.2630151 0.2611445 0.3553990 0.2857549 0.2586062 0.2245156 0.2822871 0.3464681 0.2820234 0.3251871 0.3791707 0.1697405 0.2063863 0.2839034 0.2888276 0.3180148 0.3234699 0.1868450 0.2797676 0.2535681 0.2823698 0.2530744 0.3481810 0.2706503 0.3385343 0.3134125 0.2491763 0.2975557 0.2429273 0.5101090 0.2963288 0.2884734 0.3160030 0.3111497 0.6706380 0.3281129 0.5044713 0.3369757 0.3409091 0.3240115 0.3271927 0.3275897 0.3425680 0.3150929 0.3083780 0.3209117 0.3502042 0.3310579 0.3369786 0.3477087 0.3285729 0.3329929 0.3379700 0.3415444 0.3488918 0.3393647 
D_aurauria                        1.4311307 0.2411160 0.1899304 0.2261153 0.2343563 0.1516187 0.5163851 0.2293266 0.0177986 0.2500620 0.0000000 0.1840238 0.0406147 0.1077138 0.2435281 0.1310786 0.0350849 0.2119256 0.0557229 0.0463359 0.2505631 0.2305157 0.2392690 0.2403617 0.2345308 0.1039792 0.2981253 0.1387629 0.1143004 0.1201721 0.0933034 0.2104671 0.0984662 0.2454878 0.2051149 0.2076636 0.2469792 0.2332569 0.2078444 0.2008006 0.2118160 0.2986255 0.0406502 0.0598739 0.2043529 0.0420984 0.1068909 0.0177986 0.0421172 0.2470136 0.5419855 0.2368970 0.1297048 0.1212270 0.0350849 0.1238219 0.2299563 0.2339722 0.2235457 0.0422588 0.0382011 0.1331742 0.2501432 0.2113527 0.2412089 0.2316764 0.2486238 0.2834353 0.2277846 0.1995106 0.0491841 0.2306329 0.2041024 0.2457077 0.1117593 0.2269967 0.2424004 0.2630984 0.1332403 0.1480262 0.2551625 0.2722774 0.2700619 0.0294001 0.2342710 0.2403617 0.1323634 0.2387799 0.2684017 0.2708490 0.2222132 0.1249377 0.2110712 0.2155025 0.1955746 0.0469996 0.2796939 0.2146923 0.6226534 0.0956577 0.0204409 0.2705074 0.1235292 0.0393639 0.1854912 0.0868468 0.2539396 0.1179272 0.2410789 0.2753180 0.1948995 0.2101113 0.1110369 0.1955746 0.2285277 0.2360469 0.1092054 0.1107148 0.0191422 0.1300525 0.0113458 0.2746663 0.0436518 0.2532735 0.2276988 0.0338926 0.2347837 0.0338777 0.5363034 0.1399903 0.2315026 0.2689560 0.2619973 0.6027011 0.2936635 0.3959877 0.3103616 0.3130912 0.2052580 0.2528754 0.2205372 0.2349914 0.2112181 0.2051199 0.2158693 0.2152959 0.2176768 0.2643360 0.2496804 0.2542946 0.2135751 0.2296551 0.2140769 0.2195198 0.2438789 
D_azteca                          1.5237665 0.2151791 0.0825684 0.2639946 0.2149265 0.2394882 0.5764951 0.2083781 0.1773647 0.0960904 0.1840238 0.0000000 0.1967893 0.2132649 0.1409927 0.2152953 0.1878625 0.2190164 0.1911459 0.1920456 0.2443742 0.2511406 0.2572705 0.2596317 0.2622262 0.2000652 0.2884613 0.2284121 0.2129540 0.2065282 0.2099170 0.2406768 0.1879987 0.2638334 0.1078415 0.2172656 0.2665976 0.2150891 0.2512905 0.2460523 0.2197718 0.2771909 0.1901025 0.2096903 0.2315917 0.1877308 0.1915031 0.1755050 0.1902263 0.2704257 0.3693074 0.2277599 0.2126093 0.2162036 0.1918096 0.2262210 0.0855666 0.2170204 0.2268478 0.1942347 0.1869441 0.2125264 0.2678040 0.2255938 0.2107072 0.2701012 0.2180390 0.2787172 0.2252597 0.2288278 0.1918755 0.2216884 0.0858388 0.2640785 0.2131879 0.2410347 0.2185552 0.2748257 0.2172054 0.2352303 0.2694764 0.2607452 0.2584494 0.2032118 0.0887551 0.2596317 0.2179530 0.2537315 0.2952010 0.2883435 0.2298878 0.2142740 0.0711165 0.2124056 0.2263632 0.1994300 0.2752123 0.1987046 0.5812891 0.1835601 0.1815154 0.2829403 0.2092757 0.1977229 0.2114862 0.2172846 0.2739434 0.2122029 0.2569928 0.2938705 0.1877734 0.1215569 0.2092588 0.2263632 0.2666111 0.2418360 0.2027893 0.1996572 0.1752657 0.2146861 0.1864780 0.2767884 0.2016052 0.2648179 0.2225792 0.1862504 0.2189679 0.1823061 0.5134093 0.2267466 0.2211708 0.2539914 0.2497369 0.6244404 0.2713639 0.4062992 0.2812670 0.2694095 0.2377223 0.2832972 0.2409513 0.2525275 0.2336364 0.2411854 0.2340134 0.2612518 0.2446589 0.2959787 0.2675077 0.2940649 0.2438071 0.2485481 0.2444093 0.2503359 0.2683501 
D_bakoue                          1.4463033 0.2398003 0.1986327 0.2404332 0.2379523 0.1595756 0.5167896 0.2424085 0.0419842 0.2636289 0.0406147 0.1967893 0.0000000 0.1099626 0.2566181 0.1386552 0.0308661 0.2235234 0.0525386 0.0298114 0.2588978 0.2283133 0.2576732 0.2587290 0.2327118 0.1038341 0.2980759 0.1449326 0.1187508 0.1203925 0.0957002 0.2178273 0.1033291 0.2640317 0.2217102 0.2178060 0.2611468 0.2423924 0.2174963 0.2149027 0.2232237 0.2885027 0.0230522 0.0553914 0.2180229 0.0378312 0.1086248 0.0419842 0.0392024 0.2655586 0.5722232 0.2475611 0.1390637 0.1189439 0.0336841 0.1317653 0.2487136 0.2471538 0.2416242 0.0298497 0.0219227 0.1425491 0.2688266 0.2261041 0.2560273 0.2461539 0.2580112 0.2798667 0.2352785 0.2130529 0.0365783 0.2368397 0.2109757 0.2642724 0.1160689 0.2221086 0.2458750 0.2676627 0.1426192 0.1559651 0.2740169 0.2691310 0.2669503 0.0479611 0.2504881 0.2587290 0.1439867 0.2615010 0.2822625 0.2673880 0.2280189 0.1344903 0.2276279 0.2160657 0.2090503 0.0424481 0.2901453 0.2188094 0.6356444 0.0957504 0.0448310 0.2670527 0.1261964 0.0311079 0.2004661 0.0676885 0.2682741 0.1205864 0.2594996 0.2869473 0.1874386 0.2200281 0.1132706 0.2090503 0.2429028 0.2432269 0.1122630 0.1161755 0.0407274 0.1258501 0.0504180 0.2693333 0.0422243 0.2720967 0.2314550 0.0165707 0.2383740 0.0270298 0.5293791 0.1375239 0.2383676 0.2835024 0.2718275 0.6157622 0.3044775 0.3993270 0.3092887 0.3202509 0.2007889 0.2570624 0.2205176 0.2348588 0.2092351 0.2185894 0.2097482 0.2147821 0.2212859 0.2685185 0.2494288 0.2496251 0.2130827 0.2295647 0.2177130 0.2231428 0.2436746 
D_biarmipes                       1.3871237 0.2569527 0.2187208 0.2903062 0.3040283 0.1355490 0.5797301 0.2649038 0.1043440 0.2903843 0.1077138 0.2132649 0.1099626 0.0000000 0.2782241 0.1292805 0.1117667 0.2277443 0.1285406 0.1104843 0.2907018 0.2791498 0.2931870 0.2978585 0.2748705 0.0931460 0.3539526 0.1384834 0.0717198 0.0715418 0.0835925 0.2579569 0.0898531 0.2998444 0.2298477 0.2282716 0.3013641 0.2785633 0.2378824 0.2351129 0.2586293 0.3301741 0.1122553 0.1357252 0.2589743 0.1175791 0.0834556 0.1043440 0.1207350 0.3013789 0.6269178 0.3123948 0.1286300 0.0728869 0.1117667 0.0840628 0.2638576 0.2676775 0.3061115 0.1122610 0.1075605 0.1361263 0.2942896 0.2597253 0.2619093 0.2883610 0.2799575 0.3260909 0.2626151 0.2534230 0.1158545 0.3047905 0.2464235 0.3001277 0.0671509 0.2647097 0.2672352 0.3105368 0.1381673 0.1320357 0.3104835 0.3281672 0.3253615 0.1068156 0.2613191 0.2895976 0.1302358 0.2938176 0.3372817 0.3183483 0.2622682 0.1278605 0.2294946 0.2654801 0.2490742 0.1109343 0.3033522 0.2514055 0.7192714 0.0788185 0.1045636 0.3179301 0.0747471 0.1104557 0.2337305 0.1577674 0.3043162 0.0713928 0.2891146 0.3385889 0.2313996 0.2296739 0.0275322 0.2490742 0.2888916 0.2879028 0.0280115 0.0486258 0.1095046 0.0806977 0.1128935 0.3280038 0.1175127 0.3038166 0.3075089 0.1040958 0.2625250 0.1032561 0.6052937 0.0907878 0.2857303 0.3075168 0.2945869 0.6640361 0.3572367 0.4570914 0.3655675 0.3497576 0.2440261 0.2843455 0.2563808 0.2778060 0.2591196 0.2544313 0.2608241 0.2640957 0.2559056 0.3134409 0.2847444 0.3125544 0.2552053 0.2718857 0.2562826 0.2588728 0.2811393 
D_bifasciata                      1.7842805 0.3055983 0.1929488 0.2923662 0.2866082 0.3238466 0.6826467 0.3001983 0.2496260 0.1809816 0.2435281 0.1409927 0.2566181 0.2782241 0.0000000 0.3058539 0.2638424 0.2873247 0.2697616 0.2624644 0.3029906 0.2955412 0.3159641 0.3285960 0.3149092 0.3065647 0.3312485 0.3196392 0.2856301 0.2870630 0.2845069 0.3032451 0.2656689 0.3395340 0.1693270 0.2812852 0.3284468 0.3212590 0.3145112 0.3113635 0.2819671 0.3517579 0.2614736 0.2822536 0.2899685 0.2563957 0.2828780 0.2473792 0.2610800 0.3419722 0.5097284 0.2976312 0.3022814 0.2932634 0.2638424 0.3149231 0.1537352 0.3093103 0.2960154 0.2631558 0.2532930 0.3021734 0.3393440 0.2793615 0.3009493 0.2949248 0.3146564 0.3451412 0.2814401 0.2914436 0.2590766 0.2955044 0.1167453 0.3313964 0.2835910 0.2958903 0.3069373 0.3159545 0.3023400 0.3186674 0.3464567 0.3371533 0.3438500 0.2710722 0.1534527 0.3313265 0.3092501 0.3215975 0.3623534 0.3604162 0.2948648 0.2989859 0.1605884 0.2796244 0.2884267 0.2690936 0.3614731 0.2942930 0.7141437 0.2706391 0.2527791 0.3512598 0.2963977 0.2600075 0.2829799 0.2918641 0.3197752 0.3005128 0.3348316 0.3596717 0.1680941 0.1550936 0.2752266 0.2884267 0.3002494 0.2563167 0.2871083 0.2723993 0.2527406 0.3008391 0.2561037 0.3566266 0.2746535 0.3468969 0.2901831 0.2496965 0.3105972 0.2535587 0.6303751 0.3043470 0.2825528 0.2803499 0.2719107 0.6606042 0.3589134 0.4360351 0.3805414 0.3853799 0.3161544 0.3221494 0.3099719 0.3204726 0.3126034 0.3121394 0.3188518 0.3290796 0.3048706 0.3286641 0.3274508 0.3128593 0.3017515 0.3133211 0.3077744 0.3124423 0.3226218 
D_bipectinata                     1.5497177 0.2775979 0.2374302 0.2793345 0.2834530 0.0498324 0.5948994 0.2723519 0.1311011 0.3114276 0.1310786 0.2152953 0.1386552 0.1292805 0.3058539 0.0000000 0.1308734 0.2569773 0.1393396 0.1315504 0.2659737 0.2588073 0.3009395 0.3034758 0.2686313 0.1315258 0.3180918 0.0719234 0.1462613 0.1365898 0.1290562 0.2557791 0.1157373 0.3055921 0.2261643 0.2451257 0.3096867 0.2659920 0.2563348 0.2533533 0.2525202 0.3132292 0.1353591 0.1459555 0.2425780 0.1336270 0.1252620 0.1311011 0.1486812 0.3072214 0.5539613 0.2785830 0.0092018 0.1460710 0.1326312 0.1531895 0.2485414 0.2801174 0.2729423 0.1370057 0.1336928 0.0173552 0.3011299 0.2666295 0.2810514 0.2845596 0.2770448 0.3062010 0.2593078 0.2371056 0.1487169 0.2800787 0.2193144 0.3059003 0.1470627 0.2685319 0.2891411 0.2977781 0.0200473 0.0469390 0.3170005 0.2915231 0.2889682 0.1388563 0.2576406 0.3019688 0.0228731 0.3026984 0.3252475 0.2869157 0.2587365 0.0227764 0.2202479 0.2581024 0.2324388 0.1227522 0.2681399 0.2582878 0.6453348 0.1196513 0.1325974 0.2865311 0.1442795 0.1318169 0.2503917 0.1526809 0.3128690 0.1424720 0.2980052 0.3167724 0.2213614 0.2392400 0.1241058 0.2324388 0.2779072 0.2709649 0.1073286 0.1289005 0.1330604 0.1542904 0.1334585 0.2915950 0.1443797 0.3077595 0.2748018 0.1257209 0.2657155 0.1290477 0.5785356 0.1654021 0.2453526 0.2970347 0.2873727 0.6343183 0.3012986 0.4171826 0.3142578 0.2998679 0.2527503 0.2850934 0.2659705 0.2727489 0.2629325 0.2527184 0.2660102 0.2769258 0.2728550 0.3041181 0.2830633 0.3108128 0.2695748 0.2755473 0.2655177 0.2720019 0.2764967 
D_birchii                         1.3933096 0.2327266 0.2050947 0.2432351 0.2285400 0.1531874 0.5573776 0.2354578 0.0350906 0.2579313 0.0350849 0.1878625 0.0308661 0.1117667 0.2638424 0.1308734 0.0000000 0.2257788 0.0471385 0.0423352 0.2564255 0.2362522 0.2482140 0.2493304 0.2393955 0.1042146 0.3080048 0.1427312 0.1244177 0.1299940 0.1018076 0.2239720 0.0988042 0.2547450 0.2088542 0.2265190 0.2562976 0.2261611 0.2282161 0.2206346 0.2242731 0.3033484 0.0336688 0.0543837 0.2142840 0.0379886 0.1024482 0.0336965 0.0392810 0.2563304 0.5440973 0.2383192 0.1330233 0.1298306 0.0090820 0.1361861 0.2242174 0.2403379 0.2207137 0.0409704 0.0310508 0.1329656 0.2632574 0.2315341 0.2422361 0.2492304 0.2436281 0.3015078 0.2423188 0.2091774 0.0436715 0.2273619 0.1968213 0.2549842 0.1233487 0.2210627 0.2374653 0.2646455 0.1365722 0.1495908 0.2649584 0.2757877 0.2734489 0.0466904 0.2284811 0.2493304 0.1356738 0.2521588 0.2828176 0.2905018 0.2267528 0.1316960 0.2103476 0.2168554 0.2050560 0.0397835 0.2463025 0.2083043 0.6270513 0.1012091 0.0379857 0.2901150 0.1322979 0.0380363 0.2043315 0.0728205 0.2636376 0.1263591 0.2501025 0.2990457 0.1913131 0.2147657 0.1152298 0.2050560 0.2458202 0.2345486 0.1146898 0.1221692 0.0337871 0.1371873 0.0379024 0.2820013 0.0295650 0.2629793 0.2241292 0.0295628 0.2243318 0.0280704 0.5410333 0.1412820 0.2396647 0.2818806 0.2697177 0.6161618 0.3033501 0.4133017 0.3206796 0.3111966 0.2091695 0.2622574 0.2203444 0.2379208 0.2153329 0.2219902 0.2201824 0.2152914 0.2242745 0.2710081 0.2509563 0.2603570 0.2156643 0.2323623 0.2161902 0.2218546 0.2426743 
D_bromeliae                       1.2488409 0.1059195 0.2127219 0.2391068 0.1654933 0.2794123 0.4940803 0.0999021 0.2095213 0.2975832 0.2119256 0.2190164 0.2235234 0.2277443 0.2873247 0.2569773 0.2257788 0.0000000 0.2387590 0.2129111 0.2232212 0.2251369 0.2231004 0.2242904 0.2162624 0.2682487 0.2928463 0.2585537 0.2398337 0.2380731 0.2364084 0.2134344 0.2521636 0.2348223 0.2555643 0.1750859 0.2307419 0.1059940 0.1980564 0.1996187 0.1921273 0.2919812 0.2172517 0.2337898 0.1977277 0.2045822 0.2527811 0.2074878 0.2078588 0.2410177 0.5279949 0.1652668 0.2569773 0.2411024 0.2226723 0.2553899 0.2533258 0.1000425 0.1551504 0.2152940 0.2024761 0.2510214 0.2373367 0.2192228 0.1030601 0.2330451 0.1138260 0.2759479 0.1970708 0.1909773 0.2145187 0.1621078 0.2639191 0.2345754 0.2412020 0.2069574 0.1005533 0.2484554 0.2570175 0.2747270 0.2368435 0.2649699 0.2712893 0.2187489 0.2553461 0.2242904 0.2626985 0.2270499 0.2701853 0.2713369 0.2102127 0.2588469 0.2381593 0.1311985 0.1890780 0.2301548 0.2732941 0.1089431 0.5921874 0.2414913 0.2141284 0.2709963 0.2433040 0.2118217 0.1006208 0.2585404 0.2375138 0.2411024 0.2315328 0.2848352 0.1637804 0.2593952 0.2422717 0.1890780 0.2337710 0.2200717 0.1797143 0.2384896 0.2113058 0.2551557 0.2187854 0.2851284 0.2380067 0.2388232 0.1581977 0.2110613 0.1044265 0.2155503 0.5390748 0.2716999 0.2586969 0.2662891 0.2592305 0.6168779 0.2494707 0.4690946 0.2442007 0.2480413 0.1824658 0.1957330 0.1788808 0.1860963 0.1808731 0.1937332 0.1852049 0.1750507 0.1546206 0.2132665 0.1960148 0.2194985 0.1607511 0.1814197 0.1630486 0.1690050 0.1869697 
D_bunnanda                        1.4723938 0.2483572 0.1988530 0.2480175 0.2334658 0.1563827 0.5477376 0.2432850 0.0557320 0.2500723 0.0557229 0.1911459 0.0525386 0.1285406 0.2697616 0.1393396 0.0471385 0.2387590 0.0000000 0.0616692 0.2586280 0.2379098 0.2334451 0.2345983 0.2384995 0.1135938 0.3155299 0.1394313 0.1321381 0.1284322 0.1004891 0.2102680 0.1132467 0.2398957 0.2224300 0.2130574 0.2414513 0.2321484 0.2152634 0.2125925 0.2002368 0.3170537 0.0555013 0.0619276 0.2241469 0.0615906 0.1206152 0.0557320 0.0645900 0.2409981 0.5321045 0.2383845 0.1397520 0.1341234 0.0529662 0.1443861 0.2311990 0.2482395 0.2226757 0.0602705 0.0529826 0.1396923 0.2402557 0.2101817 0.2511741 0.2541204 0.2515364 0.2932778 0.2226487 0.2188698 0.0617618 0.2273411 0.2069577 0.2445763 0.1258341 0.2214931 0.2451574 0.2590246 0.1433262 0.1527800 0.2449080 0.2887549 0.2862644 0.0649685 0.2286727 0.2390119 0.1408173 0.2373623 0.2585706 0.2855587 0.2142161 0.1383580 0.2069841 0.2307976 0.2146410 0.0458066 0.2356895 0.2146736 0.5806975 0.1119829 0.0588280 0.2851803 0.1366411 0.0512383 0.1855170 0.0544715 0.2441830 0.1306123 0.2397561 0.2907085 0.1750368 0.2259468 0.1225590 0.2146410 0.2506449 0.2448888 0.1263723 0.1293097 0.0558878 0.1382205 0.0633610 0.2912023 0.0559322 0.2479436 0.2314353 0.0451729 0.2324912 0.0379175 0.5595648 0.1506411 0.2293361 0.2688318 0.2607045 0.5950992 0.2801586 0.3850430 0.3043325 0.2831727 0.2255019 0.2810292 0.2455839 0.2591948 0.2428175 0.2476716 0.2479481 0.2300649 0.2346995 0.2986103 0.2770702 0.2844535 0.2237363 0.2527633 0.2220942 0.2278610 0.2660123 
D_burlai                          1.4574350 0.2446799 0.1924653 0.2426277 0.2444971 0.1519264 0.5101664 0.2382090 0.0491150 0.2541880 0.0463359 0.1920456 0.0298114 0.1104843 0.2624644 0.1315504 0.0423352 0.2129111 0.0616692 0.0000000 0.2508078 0.2370324 0.2572483 0.2605635 0.2268076 0.1054432 0.2900846 0.1409485 0.1178382 0.1193227 0.0994556 0.2088649 0.1032936 0.2685256 0.2163154 0.2191774 0.2629851 0.2424761 0.2154845 0.2149751 0.2253339 0.2808044 0.0298369 0.0630866 0.2201101 0.0434994 0.1085872 0.0491150 0.0462730 0.2700515 0.5684789 0.2493403 0.1319362 0.1195160 0.0423352 0.1319021 0.2513069 0.2429256 0.2434622 0.0126052 0.0126210 0.1353863 0.2733508 0.2323449 0.2517252 0.2483749 0.2581006 0.2838314 0.2312128 0.2151186 0.0394494 0.2386016 0.2200981 0.2687712 0.1133408 0.2221818 0.2459576 0.2672193 0.1336965 0.1483625 0.2785787 0.2677060 0.2655338 0.0569500 0.2530855 0.2605635 0.1400320 0.2659772 0.2932680 0.2751738 0.2301487 0.1306300 0.2300565 0.2161376 0.2111045 0.0513580 0.2752805 0.2130292 0.6301464 0.0973133 0.0520306 0.2748256 0.1251371 0.0366716 0.1967536 0.0756885 0.2701221 0.1195160 0.2639670 0.2905519 0.1943281 0.2189691 0.1138097 0.2111045 0.2451069 0.2446524 0.1084868 0.1134799 0.0506405 0.1317011 0.0534967 0.2644468 0.0481280 0.2766524 0.2379476 0.0191608 0.2384571 0.0352029 0.5304005 0.1399225 0.2416437 0.2812054 0.2695790 0.6127316 0.3040521 0.3993075 0.3183493 0.3278909 0.2089861 0.2499455 0.2237066 0.2381302 0.2102270 0.2057474 0.2148529 0.2233012 0.2224769 0.2671272 0.2480515 0.2508587 0.2121592 0.2327814 0.2168031 0.2222471 0.2401395 
D_busckii                         1.4902556 0.2355160 0.2389247 0.2634304 0.2365858 0.3017372 0.5238902 0.1984650 0.2522953 0.3157140 0.2505631 0.2443742 0.2588978 0.2907018 0.3029906 0.2659737 0.2564255 0.2232212 0.2586280 0.2508078 0.0000000 0.2232752 0.2273941 0.2358282 0.2236806 0.2575223 0.2855694 0.2838900 0.2935876 0.2643804 0.2674694 0.2477592 0.2413072 0.2303798 0.2370579 0.2192188 0.2381507 0.2040270 0.2204055 0.2195378 0.2205223 0.2757558 0.2439578 0.2726013 0.2249410 0.2462393 0.2483155 0.2501063 0.2588792 0.2407405 0.5676746 0.2402687 0.2623554 0.2835084 0.2598648 0.2883992 0.2966513 0.2088668 0.2318456 0.2512167 0.2461419 0.2645882 0.2370685 0.2270990 0.2337674 0.2561834 0.2133476 0.2585837 0.2110098 0.2177128 0.2703865 0.2319135 0.2710915 0.2389730 0.2783418 0.1943253 0.2353414 0.2571297 0.2670669 0.2969012 0.2376329 0.2636059 0.2675045 0.2542304 0.3018973 0.2358282 0.2803094 0.2351659 0.2571399 0.2475979 0.2282097 0.2779936 0.2694140 0.2221310 0.2157141 0.2705000 0.2696022 0.2050076 0.4783237 0.2431093 0.2573460 0.2472889 0.2853650 0.2623524 0.1882883 0.2666485 0.2450114 0.2789834 0.2386305 0.2514870 0.1605769 0.2486629 0.2739555 0.2157141 0.2593936 0.2355602 0.2364736 0.2786077 0.2483286 0.2935786 0.2558054 0.2661245 0.2738760 0.2322639 0.2316585 0.2436434 0.2358969 0.2504632 0.5661586 0.3136939 0.2691517 0.2597446 0.2505191 0.6240127 0.2547775 0.4138879 0.2608413 0.2760732 0.1996780 0.2225372 0.2001492 0.2146570 0.1984381 0.2214718 0.2020528 0.2085730 0.2078374 0.2410371 0.2238633 0.2358939 0.2037818 0.2067836 0.1992563 0.2024556 0.2260056 
D_cardini                         1.5313958 0.2334647 0.2643802 0.1876928 0.2260655 0.2802673 0.3215350 0.2032796 0.2305547 0.3183006 0.2305157 0.2511406 0.2283133 0.2791498 0.2955412 0.2588073 0.2362522 0.2251369 0.2379098 0.2370324 0.2232752 0.0000000 0.2124876 0.2179168 0.0673306 0.2783300 0.3026611 0.3027453 0.2922979 0.2836097 0.2662616 0.1497379 0.2470221 0.2157685 0.2530553 0.1234441 0.2179168 0.2103768 0.1502053 0.1498729 0.1206904 0.2878746 0.2326726 0.2537714 0.1459799 0.2234254 0.2698237 0.2305547 0.2228247 0.2172862 0.5855832 0.2343769 0.2611050 0.2935318 0.2405667 0.3165991 0.2996180 0.2054375 0.2327330 0.2394891 0.2325303 0.2610085 0.2150345 0.1433301 0.2272454 0.1848827 0.2175528 0.2691544 0.1381584 0.1400317 0.2440566 0.2307977 0.2397267 0.2180085 0.2947334 0.1035143 0.2280575 0.1370193 0.2611465 0.2802673 0.2162349 0.2728749 0.2736608 0.2410002 0.3210971 0.2156768 0.2808554 0.2171969 0.2479902 0.2702686 0.1537775 0.2768153 0.2812565 0.2055693 0.1418194 0.2360297 0.2243827 0.1937303 0.5517345 0.2493315 0.2311175 0.2650604 0.3046469 0.2297026 0.1890260 0.2509417 0.2204059 0.2958068 0.2166058 0.2815333 0.0818213 0.2654720 0.2603609 0.1418194 0.1840622 0.1455082 0.2318545 0.2704311 0.2288577 0.2988745 0.2442016 0.2725997 0.2539632 0.2221683 0.2336952 0.2373779 0.2217777 0.2258525 0.5510681 0.3095710 0.2401941 0.2751147 0.2564144 0.6262313 0.2379885 0.4087502 0.2429651 0.2666831 0.1973278 0.2333558 0.1977405 0.2114487 0.1971159 0.2087683 0.1995407 0.1631297 0.1670052 0.2411231 0.2142710 0.2532439 0.1640579 0.1986265 0.1694314 0.1684442 0.2141249 
D_cyrtoloma                       1.6297608 0.1989157 0.2629001 0.2431787 0.1917792 0.3250532 0.5163673 0.1889566 0.2400916 0.3249944 0.2392690 0.2572705 0.2576732 0.2931870 0.3159641 0.3009395 0.2482140 0.2231004 0.2334451 0.2572483 0.2273941 0.2124876 0.0000000 0.0143199 0.2229227 0.2714723 0.3052541 0.3351879 0.3223318 0.2917193 0.2868576 0.2207946 0.2626889 0.0210482 0.2703880 0.2009755 0.0116398 0.1638677 0.2271772 0.2287539 0.1945234 0.2957914 0.2542281 0.2630326 0.2009258 0.2488414 0.2793875 0.2337045 0.2562251 0.0278849 0.6059559 0.1889225 0.3083641 0.2908917 0.2499334 0.3214862 0.3240565 0.1885762 0.1895955 0.2598505 0.2454854 0.3098064 0.0265687 0.1928194 0.2054063 0.2403362 0.1897373 0.2746699 0.1921541 0.1983569 0.2552329 0.1902179 0.2893973 0.0251061 0.3057334 0.1940704 0.1884864 0.2080089 0.3099721 0.3225473 0.0224612 0.2766018 0.2806112 0.2493241 0.3161280 0.0129427 0.3202712 0.0364471 0.0551533 0.2637996 0.2234699 0.3207622 0.3043209 0.1895697 0.1921120 0.2455043 0.2826397 0.1716586 0.5296446 0.2647882 0.2406954 0.2634649 0.2998165 0.2532701 0.1488257 0.2483980 0.0156018 0.2908917 0.0292938 0.2675861 0.1586578 0.2802013 0.2910793 0.1921120 0.2370523 0.1889693 0.2365313 0.2947109 0.2362093 0.3236089 0.2483158 0.2873298 0.2710568 0.0265856 0.1855494 0.2483141 0.1918945 0.2358678 0.5860159 0.3241536 0.2419008 0.2633896 0.2616057 0.5605898 0.1410858 0.4006414 0.1564074 0.1566779 0.2247770 0.2543698 0.2213226 0.2373643 0.2193380 0.2352790 0.2240465 0.2131199 0.2189780 0.2811343 0.2456855 0.2699933 0.2192443 0.2235613 0.2275939 0.2257309 0.2408736 
D_differens                       1.5956692 0.2029296 0.2679380 0.2465886 0.1990691 0.3276421 0.5251238 0.1909487 0.2411854 0.3303983 0.2403617 0.2596317 0.2587290 0.2978585 0.3285960 0.3034758 0.2493304 0.2242904 0.2345983 0.2605635 0.2358282 0.2179168 0.0143199 0.0000000 0.2284230 0.2800530 0.3129581 0.3327053 0.3248262 0.2955379 0.2878733 0.2261529 0.2659746 0.0183928 0.2777320 0.2022405 0.0077138 0.1651327 0.2284404 0.2300122 0.1958065 0.2974115 0.2531289 0.2617448 0.2041849 0.2542380 0.2850034 0.2348125 0.2594690 0.0251961 0.6157041 0.1962319 0.3109229 0.2932616 0.2510439 0.3239731 0.3266824 0.1948555 0.1971484 0.2631714 0.2487821 0.3077654 0.0238804 0.1989520 0.2054394 0.2437605 0.1959263 0.2740177 0.1982603 0.2016055 0.2585726 0.1975124 0.2943853 0.0224339 0.3081653 0.1953404 0.1924375 0.2145809 0.3125465 0.3251287 0.0197924 0.2782088 0.2822150 0.2504416 0.3187274 0.0064164 0.3228786 0.0364949 0.0506553 0.2631736 0.2341128 0.3233580 0.3068393 0.1929066 0.1953493 0.2443877 0.2972602 0.1690486 0.5410907 0.2703486 0.2417901 0.2628404 0.3022246 0.2543356 0.1544206 0.2539949 0.0116328 0.2932616 0.0238744 0.2659569 0.1615519 0.2851075 0.2920770 0.1953493 0.2404613 0.1914138 0.2418014 0.2956975 0.2351906 0.3261008 0.2493901 0.2912414 0.2745332 0.0238955 0.1927962 0.2493888 0.1960025 0.2348589 0.5722196 0.3266500 0.2438665 0.2751619 0.2675065 0.5615592 0.1425159 0.4098608 0.1578425 0.1525293 0.2290864 0.2565820 0.2256267 0.2417043 0.2235299 0.2341795 0.2282715 0.2121298 0.2179596 0.2834228 0.2478315 0.2745650 0.2182237 0.2320424 0.2265223 0.2289669 0.2429891 
D_dunni                           1.5951118 0.2381679 0.2635147 0.1876460 0.2126279 0.2977212 0.2591271 0.2046351 0.2345706 0.3213926 0.2345308 0.2622262 0.2327118 0.2748705 0.3149092 0.2686313 0.2393955 0.2162624 0.2384995 0.2268076 0.2236806 0.0673306 0.2229227 0.2284230 0.0000000 0.2823678 0.2858652 0.3028773 0.2780074 0.2923130 0.2784343 0.1447744 0.2466749 0.2286833 0.2533380 0.1268415 0.2284230 0.2134382 0.1524722 0.1539604 0.1254469 0.2834034 0.2325468 0.2443878 0.1441544 0.2263457 0.2629862 0.2304120 0.2257563 0.2343394 0.5665823 0.2206883 0.2709611 0.2871396 0.2344727 0.3086996 0.3035587 0.2108310 0.2345923 0.2358146 0.2227267 0.2708628 0.2259329 0.1301616 0.2218305 0.1907068 0.2254780 0.2684425 0.1507925 0.1399877 0.2365669 0.2151831 0.2599481 0.2372110 0.2919731 0.0999345 0.2306210 0.1605569 0.2733425 0.2929492 0.2271046 0.2620212 0.2628357 0.2386776 0.3169324 0.2261609 0.2864786 0.2169237 0.2689104 0.2606208 0.1333010 0.2823718 0.2872156 0.2179226 0.1417752 0.2425620 0.2003370 0.1938166 0.5608337 0.2468365 0.2351485 0.2576661 0.2959237 0.2316227 0.1835524 0.2417545 0.2309452 0.2871396 0.2337374 0.2772158 0.0842393 0.2650545 0.2600970 0.1417752 0.1840152 0.1567138 0.2151984 0.2680251 0.2328574 0.2985705 0.2462812 0.2674600 0.2474691 0.2351612 0.2211420 0.2280714 0.2287274 0.2267396 0.5303134 0.3070451 0.2535718 0.2593155 0.2368570 0.6106564 0.2565411 0.4279648 0.2586564 0.2698920 0.1802161 0.2267174 0.1965141 0.2041433 0.1847800 0.2026653 0.1871146 0.1711771 0.1751170 0.2322154 0.2100493 0.2416862 0.1798136 0.1966175 0.1794454 0.1843066 0.2059707 
