20
Anopheles_gambiae 0.0000000 1.0963195 1.3306668 1.5490197 1.2712338 1.5020650 2.1516342 1.2291023 1.3025012 1.5660776 1.3503680 1.4287192 1.3637662 1.3082413 1.6474988 1.4465836 1.3133715 1.1989227 1.3777925 1.3756941 
D_acanthoptera    1.0963195 0.0000000 0.2052484 0.2653104 0.1529008 0.2939053 0.5447619 0.1000455 0.2385207 0.2878374 0.2384884 0.2142255 0.2369902 0.2555433 0.3024031 0.2733006 0.2307177 0.1064927 0.2452093 0.2423125 
D_affinis         1.3306668 0.2052484 0.0000000 0.2709353 0.2205939 0.2563045 0.5341532 0.2113572 0.1861687 0.1224843 0.1886511 0.0822155 0.1971182 0.2176249 0.1903824 0.2339991 0.2038623 0.2125135 0.1968444 0.1910245 
D_albomicans      1.5490197 0.2653104 0.2709353 0.0000000 0.2428018 0.3071375 0.4064192 0.2217426 0.2158751 0.3139202 0.2224985 0.2614057 0.2364669 0.2860168 0.2874360 0.2736968 0.2390503 0.2367527 0.2434068 0.2387428 
D_americana       1.2712338 0.1529008 0.2205939 0.2428018 0.0000000 0.3213577 0.5165505 0.1473456 0.2333619 0.2982615 0.2305859 0.2118601 0.2338781 0.2986249 0.2816845 0.2768754 0.2250194 0.1645208 0.2295427 0.2404426 
D_ananassae       1.5020650 0.2939053 0.2563045 0.3071375 0.3213577 0.0000000 0.6225142 0.2966290 0.1452804 0.3323055 0.1487969 0.2357867 0.1564687 0.1341894 0.3164044 0.0494902 0.1504181 0.2754999 0.1533242 0.1493424 
D_arawakana       2.1516342 0.5447619 0.5341532 0.4064192 0.5165505 0.6225142 0.0000000 0.4792798 0.5152935 0.5475694 0.5129617 0.5701521 0.5121012 0.5757166 0.6702901 0.5872680 0.5534489 0.4911629 0.5421143 0.5079944 
D_arizonae        1.2291023 0.1000455 0.2113572 0.2217426 0.1473456 0.2966290 0.4792798 0.0000000 0.2274467 0.2746613 0.2261142 0.2072350 0.2389771 0.2616444 0.2971615 0.2671746 0.2328272 0.1000950 0.2391566 0.2351651 
D_asahinai        1.3025012 0.2385207 0.1861687 0.2158751 0.2333619 0.1452804 0.5152935 0.2274467 0.0000000 0.2418633 0.0177514 0.1756430 0.0417782 0.1035480 0.2455340 0.1287599 0.0349587 0.2070963 0.0552902 0.0488518 
D_athabasca       1.5660776 0.2878374 0.1224843 0.3139202 0.2982615 0.3323055 0.5475694 0.2746613 0.2418633 0.0000000 0.2468523 0.0950193 0.2598552 0.2870898 0.1775319 0.3056744 0.2548140 0.2958753 0.2459148 0.2506866 
D_aurauria        1.3503680 0.2384884 0.1886511 0.2224985 0.2305859 0.1487969 0.5129617 0.2261142 0.0177514 0.2468523 0.0000000 0.1823217 0.0404306 0.1069842 0.2397930 0.1288013 0.0349694 0.2096969 0.0553073 0.0461191 
D_azteca          1.4287192 0.2142255 0.0822155 0.2614057 0.2118601 0.2357867 0.5701521 0.2072350 0.1756430 0.0950193 0.1823217 0.0000000 0.1948508 0.2115064 0.1393447 0.2122338 0.1862272 0.2181815 0.1887272 0.1903825 
D_bakoue          1.3637662 0.2369902 0.1971182 0.2364669 0.2338781 0.1564687 0.5121012 0.2389771 0.0417782 0.2598552 0.0404306 0.1948508 0.0000000 0.1091907 0.2524880 0.1360745 0.0307346 0.2209477 0.0521508 0.0297026 
D_biarmipes       1.3082413 0.2555433 0.2176249 0.2860168 0.2986249 0.1341894 0.5757166 0.2616444 0.1035480 0.2870898 0.1069842 0.2115064 0.1091907 0.0000000 0.2738467 0.1279585 0.1110110 0.2262595 0.1273204 0.1098318 
D_bifasciata      1.6474988 0.3024031 0.1903824 0.2874360 0.2816845 0.3164044 0.6702901 0.2971615 0.2455340 0.1775319 0.2397930 0.1393447 0.2524880 0.2738467 0.0000000 0.2991566 0.2595587 0.2844891 0.2652284 0.2584678 
D_bipectinata     1.4465836 0.2733006 0.2339991 0.2736968 0.2768754 0.0494902 0.5872680 0.2671746 0.1287599 0.3056744 0.1288013 0.2122338 0.1360745 0.1279585 0.2991566 0.0000000 0.1287204 0.2529232 0.1367414 0.1294787 
D_birchii         1.3133715 0.2307177 0.2038623 0.2390503 0.2250194 0.1504181 0.5534489 0.2328272 0.0349587 0.2548140 0.0349694 0.1862272 0.0307346 0.1110110 0.2595587 0.1287204 0.0000000 0.2238651 0.0468172 0.0421515 
D_bromeliae       1.1989227 0.1064927 0.2125135 0.2367527 0.1645208 0.2754999 0.4911629 0.1000950 0.2070963 0.2958753 0.2096969 0.2181815 0.2209477 0.2262595 0.2844891 0.2529232 0.2238651 0.0000000 0.2357698 0.2107132 
D_bunnanda        1.3777925 0.2452093 0.1968444 0.2434068 0.2295427 0.1533242 0.5421143 0.2391566 0.0552902 0.2459148 0.0553073 0.1887272 0.0521508 0.1273204 0.2652284 0.1367414 0.0468172 0.2357698 0.0000000 0.0611927 
D_burlai          1.3756941 0.2423125 0.1910245 0.2387428 0.2404426 0.1493424 0.5079944 0.2351651 0.0488518 0.2506866 0.0461191 0.1903825 0.0297026 0.1098318 0.2584678 0.1294787 0.0421515 0.2107132 0.0611927 0.0000000 
